{
 "cells": [
  {
   "cell_type": "code",
   "execution_count": 1,
   "metadata": {},
   "outputs": [],
   "source": [
    "# imports\n",
    "from src.lab import read_chord_file\n",
    "from src.audio import convert_chromagram_to_dataframe, get_chromagram_from_file\n",
    "from src.utils import annotate_chord_sequence\n",
    "from src.consts import COL_NAMES_NOTES\n",
    "\n",
    "from src.hmm import (\n",
    "    build_transition_probability_matrix,\n",
    "    compute_initial_state_probabilities,\n",
    "    filter_and_normalize_initial_probabilities,\n",
    "    build_gaussian_hmm,\n",
    "    extract_mean_and_covariance,\n",
    "    get_hmm_predictions\n",
    ")"
   ]
  },
  {
   "cell_type": "code",
   "execution_count": 2,
   "metadata": {},
   "outputs": [
    {
     "data": {
      "text/html": [
       "<div>\n",
       "<style scoped>\n",
       "    .dataframe tbody tr th:only-of-type {\n",
       "        vertical-align: middle;\n",
       "    }\n",
       "\n",
       "    .dataframe tbody tr th {\n",
       "        vertical-align: top;\n",
       "    }\n",
       "\n",
       "    .dataframe thead th {\n",
       "        text-align: right;\n",
       "    }\n",
       "</style>\n",
       "<table border=\"1\" class=\"dataframe\">\n",
       "  <thead>\n",
       "    <tr style=\"text-align: right;\">\n",
       "      <th></th>\n",
       "      <th>start</th>\n",
       "      <th>end</th>\n",
       "      <th>chord</th>\n",
       "    </tr>\n",
       "  </thead>\n",
       "  <tbody>\n",
       "    <tr>\n",
       "      <th>0</th>\n",
       "      <td>0.000000</td>\n",
       "      <td>0.175157</td>\n",
       "      <td>C</td>\n",
       "    </tr>\n",
       "    <tr>\n",
       "      <th>1</th>\n",
       "      <td>0.175157</td>\n",
       "      <td>1.852358</td>\n",
       "      <td>C</td>\n",
       "    </tr>\n",
       "    <tr>\n",
       "      <th>2</th>\n",
       "      <td>1.852358</td>\n",
       "      <td>3.454535</td>\n",
       "      <td>G</td>\n",
       "    </tr>\n",
       "    <tr>\n",
       "      <th>3</th>\n",
       "      <td>3.454535</td>\n",
       "      <td>4.720022</td>\n",
       "      <td>A:min</td>\n",
       "    </tr>\n",
       "    <tr>\n",
       "      <th>4</th>\n",
       "      <td>4.720022</td>\n",
       "      <td>5.126371</td>\n",
       "      <td>A:min</td>\n",
       "    </tr>\n",
       "  </tbody>\n",
       "</table>\n",
       "</div>"
      ],
      "text/plain": [
       "      start       end  chord\n",
       "0  0.000000  0.175157      C\n",
       "1  0.175157  1.852358      C\n",
       "2  1.852358  3.454535      G\n",
       "3  3.454535  4.720022  A:min\n",
       "4  4.720022  5.126371  A:min"
      ]
     },
     "execution_count": 2,
     "metadata": {},
     "output_type": "execute_result"
    }
   ],
   "source": [
    "DEST_FOLDER = 'lab_and_audio_files'\n",
    "let_it_be_intro_path = 'sounds/Let it Be Intro.wav'\n",
    "\n",
    "lab_file_path = f'{DEST_FOLDER}/Let_It_Be.lab'\n",
    "chords_annotation = read_chord_file(lab_file_path)\n",
    "chords_annotation.head()"
   ]
  },
  {
   "cell_type": "code",
   "execution_count": 3,
   "metadata": {},
   "outputs": [
    {
     "data": {
      "text/html": [
       "<div>\n",
       "<style scoped>\n",
       "    .dataframe tbody tr th:only-of-type {\n",
       "        vertical-align: middle;\n",
       "    }\n",
       "\n",
       "    .dataframe tbody tr th {\n",
       "        vertical-align: top;\n",
       "    }\n",
       "\n",
       "    .dataframe thead th {\n",
       "        text-align: right;\n",
       "    }\n",
       "</style>\n",
       "<table border=\"1\" class=\"dataframe\">\n",
       "  <thead>\n",
       "    <tr style=\"text-align: right;\">\n",
       "      <th></th>\n",
       "      <th>C</th>\n",
       "      <th>C#</th>\n",
       "      <th>D</th>\n",
       "      <th>D#</th>\n",
       "      <th>E</th>\n",
       "      <th>F</th>\n",
       "      <th>F#</th>\n",
       "      <th>G</th>\n",
       "      <th>G#</th>\n",
       "      <th>A</th>\n",
       "      <th>A#</th>\n",
       "      <th>B</th>\n",
       "      <th>start</th>\n",
       "      <th>end</th>\n",
       "      <th>chord</th>\n",
       "    </tr>\n",
       "  </thead>\n",
       "  <tbody>\n",
       "    <tr>\n",
       "      <th>0</th>\n",
       "      <td>0.328111</td>\n",
       "      <td>0.392393</td>\n",
       "      <td>0.430106</td>\n",
       "      <td>0.430240</td>\n",
       "      <td>0.171732</td>\n",
       "      <td>0.105401</td>\n",
       "      <td>0.109222</td>\n",
       "      <td>0.133969</td>\n",
       "      <td>0.166579</td>\n",
       "      <td>0.214087</td>\n",
       "      <td>0.308256</td>\n",
       "      <td>0.359433</td>\n",
       "      <td>0.000000</td>\n",
       "      <td>0.046419</td>\n",
       "      <td>&lt;START&gt;</td>\n",
       "    </tr>\n",
       "    <tr>\n",
       "      <th>1</th>\n",
       "      <td>0.664177</td>\n",
       "      <td>0.352761</td>\n",
       "      <td>0.109753</td>\n",
       "      <td>0.110626</td>\n",
       "      <td>0.366218</td>\n",
       "      <td>0.163517</td>\n",
       "      <td>0.087432</td>\n",
       "      <td>0.182613</td>\n",
       "      <td>0.090595</td>\n",
       "      <td>0.068443</td>\n",
       "      <td>0.157639</td>\n",
       "      <td>0.412985</td>\n",
       "      <td>0.046419</td>\n",
       "      <td>0.092837</td>\n",
       "      <td>C</td>\n",
       "    </tr>\n",
       "    <tr>\n",
       "      <th>2</th>\n",
       "      <td>0.754787</td>\n",
       "      <td>0.184479</td>\n",
       "      <td>0.045408</td>\n",
       "      <td>0.124241</td>\n",
       "      <td>0.429377</td>\n",
       "      <td>0.168346</td>\n",
       "      <td>0.106199</td>\n",
       "      <td>0.206016</td>\n",
       "      <td>0.082103</td>\n",
       "      <td>0.026816</td>\n",
       "      <td>0.040539</td>\n",
       "      <td>0.321305</td>\n",
       "      <td>0.092837</td>\n",
       "      <td>0.139256</td>\n",
       "      <td>C</td>\n",
       "    </tr>\n",
       "    <tr>\n",
       "      <th>3</th>\n",
       "      <td>0.734501</td>\n",
       "      <td>0.146537</td>\n",
       "      <td>0.047722</td>\n",
       "      <td>0.111363</td>\n",
       "      <td>0.507049</td>\n",
       "      <td>0.167623</td>\n",
       "      <td>0.137559</td>\n",
       "      <td>0.243638</td>\n",
       "      <td>0.065114</td>\n",
       "      <td>0.015817</td>\n",
       "      <td>0.024087</td>\n",
       "      <td>0.236238</td>\n",
       "      <td>0.139256</td>\n",
       "      <td>0.185674</td>\n",
       "      <td>C</td>\n",
       "    </tr>\n",
       "    <tr>\n",
       "      <th>4</th>\n",
       "      <td>0.833918</td>\n",
       "      <td>0.198937</td>\n",
       "      <td>0.056337</td>\n",
       "      <td>0.078762</td>\n",
       "      <td>0.421175</td>\n",
       "      <td>0.114144</td>\n",
       "      <td>0.089200</td>\n",
       "      <td>0.182769</td>\n",
       "      <td>0.042916</td>\n",
       "      <td>0.006769</td>\n",
       "      <td>0.013399</td>\n",
       "      <td>0.147586</td>\n",
       "      <td>0.185674</td>\n",
       "      <td>0.232093</td>\n",
       "      <td>C</td>\n",
       "    </tr>\n",
       "    <tr>\n",
       "      <th>...</th>\n",
       "      <td>...</td>\n",
       "      <td>...</td>\n",
       "      <td>...</td>\n",
       "      <td>...</td>\n",
       "      <td>...</td>\n",
       "      <td>...</td>\n",
       "      <td>...</td>\n",
       "      <td>...</td>\n",
       "      <td>...</td>\n",
       "      <td>...</td>\n",
       "      <td>...</td>\n",
       "      <td>...</td>\n",
       "      <td>...</td>\n",
       "      <td>...</td>\n",
       "      <td>...</td>\n",
       "    </tr>\n",
       "    <tr>\n",
       "      <th>273</th>\n",
       "      <td>0.809225</td>\n",
       "      <td>0.180434</td>\n",
       "      <td>0.056305</td>\n",
       "      <td>0.108872</td>\n",
       "      <td>0.400244</td>\n",
       "      <td>0.050849</td>\n",
       "      <td>0.044054</td>\n",
       "      <td>0.262387</td>\n",
       "      <td>0.054304</td>\n",
       "      <td>0.005766</td>\n",
       "      <td>0.017406</td>\n",
       "      <td>0.246418</td>\n",
       "      <td>12.672261</td>\n",
       "      <td>12.718680</td>\n",
       "      <td>C</td>\n",
       "    </tr>\n",
       "    <tr>\n",
       "      <th>274</th>\n",
       "      <td>0.672098</td>\n",
       "      <td>0.154327</td>\n",
       "      <td>0.076593</td>\n",
       "      <td>0.150153</td>\n",
       "      <td>0.630357</td>\n",
       "      <td>0.075642</td>\n",
       "      <td>0.046226</td>\n",
       "      <td>0.255207</td>\n",
       "      <td>0.053071</td>\n",
       "      <td>0.005951</td>\n",
       "      <td>0.008341</td>\n",
       "      <td>0.150977</td>\n",
       "      <td>12.718680</td>\n",
       "      <td>12.765098</td>\n",
       "      <td>C</td>\n",
       "    </tr>\n",
       "    <tr>\n",
       "      <th>275</th>\n",
       "      <td>0.673301</td>\n",
       "      <td>0.149291</td>\n",
       "      <td>0.101482</td>\n",
       "      <td>0.163909</td>\n",
       "      <td>0.633225</td>\n",
       "      <td>0.074744</td>\n",
       "      <td>0.044243</td>\n",
       "      <td>0.233777</td>\n",
       "      <td>0.046160</td>\n",
       "      <td>0.005649</td>\n",
       "      <td>0.006988</td>\n",
       "      <td>0.147757</td>\n",
       "      <td>12.765098</td>\n",
       "      <td>12.811517</td>\n",
       "      <td>C</td>\n",
       "    </tr>\n",
       "    <tr>\n",
       "      <th>276</th>\n",
       "      <td>0.767058</td>\n",
       "      <td>0.172367</td>\n",
       "      <td>0.091388</td>\n",
       "      <td>0.147951</td>\n",
       "      <td>0.524621</td>\n",
       "      <td>0.060371</td>\n",
       "      <td>0.040532</td>\n",
       "      <td>0.204095</td>\n",
       "      <td>0.039365</td>\n",
       "      <td>0.005065</td>\n",
       "      <td>0.008788</td>\n",
       "      <td>0.166880</td>\n",
       "      <td>12.811517</td>\n",
       "      <td>12.857935</td>\n",
       "      <td>C</td>\n",
       "    </tr>\n",
       "    <tr>\n",
       "      <th>277</th>\n",
       "      <td>0.623525</td>\n",
       "      <td>0.160692</td>\n",
       "      <td>0.042423</td>\n",
       "      <td>0.165573</td>\n",
       "      <td>0.710123</td>\n",
       "      <td>0.095943</td>\n",
       "      <td>0.035203</td>\n",
       "      <td>0.140538</td>\n",
       "      <td>0.027157</td>\n",
       "      <td>0.005202</td>\n",
       "      <td>0.009471</td>\n",
       "      <td>0.144416</td>\n",
       "      <td>12.857935</td>\n",
       "      <td>12.904354</td>\n",
       "      <td>&lt;END&gt;</td>\n",
       "    </tr>\n",
       "  </tbody>\n",
       "</table>\n",
       "<p>278 rows × 15 columns</p>\n",
       "</div>"
      ],
      "text/plain": [
       "            C        C#         D        D#         E         F        F#  \\\n",
       "0    0.328111  0.392393  0.430106  0.430240  0.171732  0.105401  0.109222   \n",
       "1    0.664177  0.352761  0.109753  0.110626  0.366218  0.163517  0.087432   \n",
       "2    0.754787  0.184479  0.045408  0.124241  0.429377  0.168346  0.106199   \n",
       "3    0.734501  0.146537  0.047722  0.111363  0.507049  0.167623  0.137559   \n",
       "4    0.833918  0.198937  0.056337  0.078762  0.421175  0.114144  0.089200   \n",
       "..        ...       ...       ...       ...       ...       ...       ...   \n",
       "273  0.809225  0.180434  0.056305  0.108872  0.400244  0.050849  0.044054   \n",
       "274  0.672098  0.154327  0.076593  0.150153  0.630357  0.075642  0.046226   \n",
       "275  0.673301  0.149291  0.101482  0.163909  0.633225  0.074744  0.044243   \n",
       "276  0.767058  0.172367  0.091388  0.147951  0.524621  0.060371  0.040532   \n",
       "277  0.623525  0.160692  0.042423  0.165573  0.710123  0.095943  0.035203   \n",
       "\n",
       "            G        G#         A        A#         B      start        end  \\\n",
       "0    0.133969  0.166579  0.214087  0.308256  0.359433   0.000000   0.046419   \n",
       "1    0.182613  0.090595  0.068443  0.157639  0.412985   0.046419   0.092837   \n",
       "2    0.206016  0.082103  0.026816  0.040539  0.321305   0.092837   0.139256   \n",
       "3    0.243638  0.065114  0.015817  0.024087  0.236238   0.139256   0.185674   \n",
       "4    0.182769  0.042916  0.006769  0.013399  0.147586   0.185674   0.232093   \n",
       "..        ...       ...       ...       ...       ...        ...        ...   \n",
       "273  0.262387  0.054304  0.005766  0.017406  0.246418  12.672261  12.718680   \n",
       "274  0.255207  0.053071  0.005951  0.008341  0.150977  12.718680  12.765098   \n",
       "275  0.233777  0.046160  0.005649  0.006988  0.147757  12.765098  12.811517   \n",
       "276  0.204095  0.039365  0.005065  0.008788  0.166880  12.811517  12.857935   \n",
       "277  0.140538  0.027157  0.005202  0.009471  0.144416  12.857935  12.904354   \n",
       "\n",
       "       chord  \n",
       "0    <START>  \n",
       "1          C  \n",
       "2          C  \n",
       "3          C  \n",
       "4          C  \n",
       "..       ...  \n",
       "273        C  \n",
       "274        C  \n",
       "275        C  \n",
       "276        C  \n",
       "277    <END>  \n",
       "\n",
       "[278 rows x 15 columns]"
      ]
     },
     "execution_count": 3,
     "metadata": {},
     "output_type": "execute_result"
    }
   ],
   "source": [
    "raw_chromagram = convert_chromagram_to_dataframe(*get_chromagram_from_file(let_it_be_intro_path))\n",
    "chromagram = annotate_chord_sequence(raw_chromagram, chords_annotation)\n",
    "# write the chromagram to a file\n",
    "chromagram.to_csv('let_it_be_chromagram.csv', index=False)\n",
    "chromagram.head(300)"
   ]
  },
  {
   "cell_type": "code",
   "execution_count": 4,
   "metadata": {},
   "outputs": [
    {
     "name": "stdout",
     "output_type": "stream",
     "text": [
      "[[[ 0.00000000e+00  0.00000000e+00  0.00000000e+00  0.00000000e+00\n",
      "    0.00000000e+00  0.00000000e+00  0.00000000e+00  0.00000000e+00\n",
      "    0.00000000e+00  0.00000000e+00  0.00000000e+00  0.00000000e+00]\n",
      "  [ 0.00000000e+00  0.00000000e+00  0.00000000e+00  0.00000000e+00\n",
      "    0.00000000e+00  0.00000000e+00  0.00000000e+00  0.00000000e+00\n",
      "    0.00000000e+00  0.00000000e+00  0.00000000e+00  0.00000000e+00]\n",
      "  [ 0.00000000e+00  0.00000000e+00  0.00000000e+00  0.00000000e+00\n",
      "    0.00000000e+00  0.00000000e+00  0.00000000e+00  0.00000000e+00\n",
      "    0.00000000e+00  0.00000000e+00  0.00000000e+00  0.00000000e+00]\n",
      "  [ 0.00000000e+00  0.00000000e+00  0.00000000e+00  0.00000000e+00\n",
      "    0.00000000e+00  0.00000000e+00  0.00000000e+00  0.00000000e+00\n",
      "    0.00000000e+00  0.00000000e+00  0.00000000e+00  0.00000000e+00]\n",
      "  [ 0.00000000e+00  0.00000000e+00  0.00000000e+00  0.00000000e+00\n",
      "    0.00000000e+00  0.00000000e+00  0.00000000e+00  0.00000000e+00\n",
      "    0.00000000e+00  0.00000000e+00  0.00000000e+00  0.00000000e+00]\n",
      "  [ 0.00000000e+00  0.00000000e+00  0.00000000e+00  0.00000000e+00\n",
      "    0.00000000e+00  0.00000000e+00  0.00000000e+00  0.00000000e+00\n",
      "    0.00000000e+00  0.00000000e+00  0.00000000e+00  0.00000000e+00]\n",
      "  [ 0.00000000e+00  0.00000000e+00  0.00000000e+00  0.00000000e+00\n",
      "    0.00000000e+00  0.00000000e+00  0.00000000e+00  0.00000000e+00\n",
      "    0.00000000e+00  0.00000000e+00  0.00000000e+00  0.00000000e+00]\n",
      "  [ 0.00000000e+00  0.00000000e+00  0.00000000e+00  0.00000000e+00\n",
      "    0.00000000e+00  0.00000000e+00  0.00000000e+00  0.00000000e+00\n",
      "    0.00000000e+00  0.00000000e+00  0.00000000e+00  0.00000000e+00]\n",
      "  [ 0.00000000e+00  0.00000000e+00  0.00000000e+00  0.00000000e+00\n",
      "    0.00000000e+00  0.00000000e+00  0.00000000e+00  0.00000000e+00\n",
      "    0.00000000e+00  0.00000000e+00  0.00000000e+00  0.00000000e+00]\n",
      "  [ 0.00000000e+00  0.00000000e+00  0.00000000e+00  0.00000000e+00\n",
      "    0.00000000e+00  0.00000000e+00  0.00000000e+00  0.00000000e+00\n",
      "    0.00000000e+00  0.00000000e+00  0.00000000e+00  0.00000000e+00]\n",
      "  [ 0.00000000e+00  0.00000000e+00  0.00000000e+00  0.00000000e+00\n",
      "    0.00000000e+00  0.00000000e+00  0.00000000e+00  0.00000000e+00\n",
      "    0.00000000e+00  0.00000000e+00  0.00000000e+00  0.00000000e+00]\n",
      "  [ 0.00000000e+00  0.00000000e+00  0.00000000e+00  0.00000000e+00\n",
      "    0.00000000e+00  0.00000000e+00  0.00000000e+00  0.00000000e+00\n",
      "    0.00000000e+00  0.00000000e+00  0.00000000e+00  0.00000000e+00]]\n",
      "\n",
      " [[ 0.00000000e+00  0.00000000e+00  0.00000000e+00  0.00000000e+00\n",
      "    0.00000000e+00  0.00000000e+00  0.00000000e+00  0.00000000e+00\n",
      "    0.00000000e+00  0.00000000e+00  0.00000000e+00  0.00000000e+00]\n",
      "  [ 0.00000000e+00  0.00000000e+00  0.00000000e+00  0.00000000e+00\n",
      "    0.00000000e+00  0.00000000e+00  0.00000000e+00  0.00000000e+00\n",
      "    0.00000000e+00  0.00000000e+00  0.00000000e+00  0.00000000e+00]\n",
      "  [ 0.00000000e+00  0.00000000e+00  0.00000000e+00  0.00000000e+00\n",
      "    0.00000000e+00  0.00000000e+00  0.00000000e+00  0.00000000e+00\n",
      "    0.00000000e+00  0.00000000e+00  0.00000000e+00  0.00000000e+00]\n",
      "  [ 0.00000000e+00  0.00000000e+00  0.00000000e+00  0.00000000e+00\n",
      "    0.00000000e+00  0.00000000e+00  0.00000000e+00  0.00000000e+00\n",
      "    0.00000000e+00  0.00000000e+00  0.00000000e+00  0.00000000e+00]\n",
      "  [ 0.00000000e+00  0.00000000e+00  0.00000000e+00  0.00000000e+00\n",
      "    0.00000000e+00  0.00000000e+00  0.00000000e+00  0.00000000e+00\n",
      "    0.00000000e+00  0.00000000e+00  0.00000000e+00  0.00000000e+00]\n",
      "  [ 0.00000000e+00  0.00000000e+00  0.00000000e+00  0.00000000e+00\n",
      "    0.00000000e+00  0.00000000e+00  0.00000000e+00  0.00000000e+00\n",
      "    0.00000000e+00  0.00000000e+00  0.00000000e+00  0.00000000e+00]\n",
      "  [ 0.00000000e+00  0.00000000e+00  0.00000000e+00  0.00000000e+00\n",
      "    0.00000000e+00  0.00000000e+00  0.00000000e+00  0.00000000e+00\n",
      "    0.00000000e+00  0.00000000e+00  0.00000000e+00  0.00000000e+00]\n",
      "  [ 0.00000000e+00  0.00000000e+00  0.00000000e+00  0.00000000e+00\n",
      "    0.00000000e+00  0.00000000e+00  0.00000000e+00  0.00000000e+00\n",
      "    0.00000000e+00  0.00000000e+00  0.00000000e+00  0.00000000e+00]\n",
      "  [ 0.00000000e+00  0.00000000e+00  0.00000000e+00  0.00000000e+00\n",
      "    0.00000000e+00  0.00000000e+00  0.00000000e+00  0.00000000e+00\n",
      "    0.00000000e+00  0.00000000e+00  0.00000000e+00  0.00000000e+00]\n",
      "  [ 0.00000000e+00  0.00000000e+00  0.00000000e+00  0.00000000e+00\n",
      "    0.00000000e+00  0.00000000e+00  0.00000000e+00  0.00000000e+00\n",
      "    0.00000000e+00  0.00000000e+00  0.00000000e+00  0.00000000e+00]\n",
      "  [ 0.00000000e+00  0.00000000e+00  0.00000000e+00  0.00000000e+00\n",
      "    0.00000000e+00  0.00000000e+00  0.00000000e+00  0.00000000e+00\n",
      "    0.00000000e+00  0.00000000e+00  0.00000000e+00  0.00000000e+00]\n",
      "  [ 0.00000000e+00  0.00000000e+00  0.00000000e+00  0.00000000e+00\n",
      "    0.00000000e+00  0.00000000e+00  0.00000000e+00  0.00000000e+00\n",
      "    0.00000000e+00  0.00000000e+00  0.00000000e+00  0.00000000e+00]]\n",
      "\n",
      " [[ 1.04329735e-02  8.14912231e-04 -1.50819927e-03 -1.10720944e-03\n",
      "   -4.84066723e-03 -4.57704865e-03 -1.27938875e-03 -1.54387498e-03\n",
      "   -2.76182328e-03 -6.07242804e-03 -1.44370067e-03  4.44288232e-04]\n",
      "  [ 8.14912231e-04  5.05935512e-04 -1.57868074e-05 -1.49047542e-04\n",
      "   -1.75584351e-03 -1.25774121e-04  2.31344596e-04  3.17656031e-04\n",
      "    8.65047454e-05 -3.03738067e-04  8.57296703e-05  2.68673272e-04]\n",
      "  [-1.50819927e-03 -1.57868074e-05  7.63811754e-04  3.74744892e-04\n",
      "    1.28565623e-03  9.32447214e-04  7.21850249e-04  2.69171731e-03\n",
      "    3.64323909e-04 -9.56154066e-04 -4.75640219e-05  5.66973074e-05]\n",
      "  [-1.10720944e-03 -1.49047542e-04  3.74744892e-04  6.27263185e-04\n",
      "    3.03797315e-03  1.01647842e-03  3.47007770e-04  1.14958732e-03\n",
      "   -1.12457139e-04 -1.76900897e-03 -3.88807203e-06  1.55112761e-04]\n",
      "  [-4.84066723e-03 -1.75584351e-03  1.28565623e-03  3.03797315e-03\n",
      "    2.24065584e-02  6.20120974e-03  9.65667818e-04  4.32438232e-03\n",
      "   -3.10376898e-03 -1.43934559e-02 -1.92366804e-03 -6.41275004e-04]\n",
      "  [-4.57704865e-03 -1.25774121e-04  9.32447214e-04  1.01647842e-03\n",
      "    6.20120974e-03  8.26989641e-03  2.46405194e-03  1.94852751e-03\n",
      "    1.49632217e-04 -4.49012428e-03 -1.93600889e-04 -5.94814231e-05]\n",
      "  [-1.27938875e-03  2.31344596e-04  7.21850249e-04  3.47007770e-04\n",
      "    9.65667818e-04  2.46405194e-03  1.29116404e-03  2.85412376e-03\n",
      "    3.07169841e-04 -2.11276245e-03 -1.17821266e-04  1.69415330e-04]\n",
      "  [-1.54387498e-03  3.17656031e-04  2.69171731e-03  1.14958732e-03\n",
      "    4.32438232e-03  1.94852751e-03  2.85412376e-03  1.32090174e-02\n",
      "    6.67326272e-05 -8.84024767e-03 -1.22448954e-03  3.65781652e-04]\n",
      "  [-2.76182328e-03  8.65047454e-05  3.64323909e-04 -1.12457139e-04\n",
      "   -3.10376898e-03  1.49632217e-04  3.07169841e-04  6.67326272e-05\n",
      "    2.02778660e-03  5.68678047e-03  1.14907863e-03  2.28809332e-04]\n",
      "  [-6.07242804e-03 -3.03738067e-04 -9.56154066e-04 -1.76900897e-03\n",
      "   -1.43934559e-02 -4.49012428e-03 -2.11276245e-03 -8.84024767e-03\n",
      "    5.68678047e-03  2.59107140e-02  4.16131833e-03 -2.12121719e-04]\n",
      "  [-1.44370067e-03  8.57296703e-05 -4.75640219e-05 -3.88807203e-06\n",
      "   -1.92366804e-03 -1.93600889e-04 -1.17821266e-04 -1.22448954e-03\n",
      "    1.14907863e-03  4.16131833e-03  1.10421130e-03  3.56835493e-04]\n",
      "  [ 4.44288232e-04  2.68673272e-04  5.66973074e-05  1.55112761e-04\n",
      "   -6.41275004e-04 -5.94814231e-05  1.69415330e-04  3.65781652e-04\n",
      "    2.28809332e-04 -2.12121719e-04  3.56835493e-04  5.66989547e-04]]\n",
      "\n",
      " [[ 2.44158571e-02  2.23541541e-03 -9.80647941e-03 -5.48028535e-03\n",
      "   -1.42869432e-02 -3.77923991e-03 -3.17745172e-03 -9.75968461e-03\n",
      "   -3.82096596e-03 -8.78147014e-04 -1.91399528e-03 -3.10605309e-03]\n",
      "  [ 2.23541541e-03  1.57419910e-03 -3.76347627e-04 -4.54886873e-04\n",
      "   -2.51022413e-03 -1.08839955e-04  4.94287180e-04 -7.83716016e-04\n",
      "   -6.66535221e-05  1.90949613e-04  5.53755483e-04  3.63000522e-04]\n",
      "  [-9.80647941e-03 -3.76347627e-04  9.78648762e-03  2.41016847e-03\n",
      "   -3.40280232e-03  3.82924510e-04  1.92076318e-03  4.27179466e-03\n",
      "    2.66490004e-03  6.59679154e-04  1.52691165e-03  4.09352849e-03]\n",
      "  [-5.48028535e-03 -4.54886873e-04  2.41016847e-03  1.74793162e-03\n",
      "    4.83736690e-03  1.08180635e-03  4.12820087e-04  7.70271534e-04\n",
      "    4.94505536e-04  2.20866322e-04  4.40310217e-04  9.67291200e-04]\n",
      "  [-1.42869432e-02 -2.51022413e-03 -3.40280232e-03  4.83736690e-03\n",
      "    3.64667092e-02  6.68491521e-03 -1.29496145e-03 -2.88194511e-03\n",
      "   -2.52203066e-03 -2.76048374e-04 -9.22897894e-04 -3.80288605e-03]\n",
      "  [-3.77923991e-03 -1.08839955e-04  3.82924510e-04  1.08180635e-03\n",
      "    6.68491521e-03  2.83233456e-03  9.79554820e-04  6.08637864e-04\n",
      "    1.15234247e-04  1.89367706e-04  2.57419566e-04 -9.91367463e-05]\n",
      "  [-3.17745172e-03  4.94287180e-04  1.92076318e-03  4.12820087e-04\n",
      "   -1.29496145e-03  9.79554820e-04  2.54271739e-03  5.25229771e-03\n",
      "    1.77589743e-03  3.73424206e-04  8.30001941e-04  6.95452153e-04]\n",
      "  [-9.75968461e-03 -7.83716016e-04  4.27179466e-03  7.70271534e-04\n",
      "   -2.88194511e-03  6.08637864e-04  5.25229771e-03  2.27243228e-02\n",
      "    6.29395805e-03  5.66518962e-04  1.01293805e-03  3.54048444e-04]\n",
      "  [-3.82096596e-03 -6.66535221e-05  2.66490004e-03  4.94505536e-04\n",
      "   -2.52203066e-03  1.15234247e-04  1.77589743e-03  6.29395805e-03\n",
      "    2.39535952e-03  3.81109829e-04  7.90598168e-04  1.12976447e-03]\n",
      "  [-8.78147014e-04  1.90949613e-04  6.59679154e-04  2.20866322e-04\n",
      "   -2.76048374e-04  1.89367706e-04  3.73424206e-04  5.66518962e-04\n",
      "    3.81109829e-04  1.45907329e-04  3.18651030e-04  4.77372941e-04]\n",
      "  [-1.91399528e-03  5.53755483e-04  1.52691165e-03  4.40310217e-04\n",
      "   -9.22897894e-04  2.57419566e-04  8.30001941e-04  1.01293805e-03\n",
      "    7.90598168e-04  3.18651030e-04  7.95589705e-04  1.11495416e-03]\n",
      "  [-3.10605309e-03  3.63000522e-04  4.09352849e-03  9.67291200e-04\n",
      "   -3.80288605e-03 -9.91367463e-05  6.95452153e-04  3.54048444e-04\n",
      "    1.12976447e-03  4.77372941e-04  1.11495416e-03  3.61759173e-03]]\n",
      "\n",
      " [[ 7.98387977e-02  1.40639000e-02 -2.09835915e-02 -5.97803143e-03\n",
      "   -9.73418480e-03 -4.09327219e-02 -8.08133981e-03 -1.99270898e-03\n",
      "    3.72888992e-03  2.38567337e-02  4.13785559e-03  1.21646957e-02]\n",
      "  [ 1.40639000e-02  5.49390051e-03  1.49664326e-02  1.48279488e-03\n",
      "   -7.95306929e-03 -1.30367837e-02 -2.26104170e-03 -1.13988069e-03\n",
      "   -9.90582345e-05  2.61067293e-03  2.07559038e-04  1.57397065e-03]\n",
      "  [-2.09835915e-02  1.49664326e-02  1.31239210e-01  1.76782798e-02\n",
      "   -3.78431517e-02 -3.24376994e-02 -5.98232526e-03 -6.27070834e-03\n",
      "   -6.42499738e-03 -1.55947132e-02 -5.03340618e-03 -7.80960063e-03]\n",
      "  [-5.97803143e-03  1.48279488e-03  1.76782798e-02  4.14629955e-03\n",
      "    1.94350530e-03 -7.47035312e-03 -8.81115705e-04  1.01361938e-03\n",
      "   -7.18955402e-04 -4.07106544e-03 -8.68681269e-04 -9.24924065e-04]\n",
      "  [-9.73418480e-03 -7.95306929e-03 -3.78431517e-02  1.94350530e-03\n",
      "    6.21746325e-02 -2.33470767e-02 -5.02502896e-03  1.36654615e-02\n",
      "    2.67818860e-03 -5.95425674e-03 -1.08089176e-03  2.06743512e-03]\n",
      "  [-4.09327219e-02 -1.30367837e-02 -3.24376994e-02 -7.47035312e-03\n",
      "   -2.33470767e-02  8.27575672e-02  1.71560691e-02 -6.08241425e-03\n",
      "   -9.46933493e-04 -4.34999363e-03  9.26618813e-04 -6.02543679e-03]\n",
      "  [-8.08133981e-03 -2.26104170e-03 -5.98232526e-03 -8.81115705e-04\n",
      "   -5.02502896e-03  1.71560691e-02  4.60892727e-03 -2.79824119e-04\n",
      "    4.02068631e-05 -1.43228310e-03  3.72641746e-04 -7.06983524e-04]\n",
      "  [-1.99270898e-03 -1.13988069e-03 -6.27070834e-03  1.01361938e-03\n",
      "    1.36654615e-02 -6.08241425e-03 -2.79824119e-04  4.96665069e-03\n",
      "    9.26202989e-04 -2.65032468e-03 -2.38905211e-04  1.10562746e-03]\n",
      "  [ 3.72888992e-03 -9.90582345e-05 -6.42499738e-03 -7.18955402e-04\n",
      "    2.67818860e-03 -9.46933493e-04  4.02068631e-05  9.26202989e-04\n",
      "    7.69006237e-04  1.75127432e-03  4.41307532e-04  1.03338453e-03]\n",
      "  [ 2.38567337e-02  2.61067293e-03 -1.55947132e-02 -4.07106544e-03\n",
      "   -5.95425674e-03 -4.34999363e-03 -1.43228310e-03 -2.65032468e-03\n",
      "    1.75127432e-03  1.22290348e-02  2.13023997e-03  3.23500016e-03]\n",
      "  [ 4.13785559e-03  2.07559038e-04 -5.03340618e-03 -8.68681269e-04\n",
      "   -1.08089176e-03  9.26618813e-04  3.72641746e-04 -2.38905211e-04\n",
      "    4.41307532e-04  2.13023997e-03  5.74106048e-04  8.12880402e-04]\n",
      "  [ 1.21646957e-02  1.57397065e-03 -7.80960063e-03 -9.24924065e-04\n",
      "    2.06743512e-03 -6.02543679e-03 -7.06983524e-04  1.10562746e-03\n",
      "    1.03338453e-03  3.23500016e-03  8.12880402e-04  2.56819169e-03]]\n",
      "\n",
      " [[ 4.56933938e-03  2.36808712e-04 -7.80846596e-03 -3.25845080e-04\n",
      "    3.72320101e-03  1.68019984e-03  8.73471971e-04  1.33103542e-03\n",
      "    1.75753240e-03  2.48861387e-03  8.89648048e-04  2.62126854e-03]\n",
      "  [ 2.36808712e-04  6.22343968e-04  1.83392390e-03  4.14336240e-04\n",
      "    3.64560432e-04 -2.35093549e-04 -5.20571041e-04 -2.30114204e-03\n",
      "   -2.97046714e-04  2.56580904e-04 -3.41906101e-04 -1.81261258e-03]\n",
      "  [-7.80846596e-03  1.83392390e-03  2.75443080e-02  2.99708501e-03\n",
      "   -7.37241395e-03 -8.60707287e-03 -6.45626628e-03 -1.63190891e-02\n",
      "   -5.70914151e-03 -4.32163159e-03 -3.62290957e-03 -1.06933926e-02]\n",
      "  [-3.25845080e-04  4.14336240e-04  2.99708501e-03  7.90084924e-04\n",
      "   -1.91403388e-04 -2.80945996e-04 -8.13006896e-04 -3.07245682e-03\n",
      "   -5.29317274e-04 -6.13014772e-06 -4.41734309e-04 -1.89646203e-03]\n",
      "  [ 3.72320101e-03  3.64560432e-04 -7.37241395e-03 -1.91403388e-04\n",
      "    4.83040944e-03  4.94140970e-03  1.09406135e-03 -7.26795565e-04\n",
      "    1.39428451e-03  3.04668271e-03  6.32860813e-04 -8.89826934e-04]\n",
      "  [ 1.68019984e-03 -2.35093549e-04 -8.60707287e-03 -2.80945996e-04\n",
      "    4.94140970e-03  1.02747957e-02  2.42463562e-03 -4.32039898e-04\n",
      "    1.01257099e-03  2.56975339e-03  9.86998762e-04 -1.45895674e-03]\n",
      "  [ 8.73471971e-04 -5.20571041e-04 -6.45626628e-03 -8.13006896e-04\n",
      "    1.09406135e-03  2.42463562e-03  2.54516122e-03  6.73822258e-03\n",
      "    1.67835951e-03  4.79179200e-04  8.21941044e-04  1.88897693e-03]\n",
      "  [ 1.33103542e-03 -2.30114204e-03 -1.63190891e-02 -3.07245682e-03\n",
      "   -7.26795565e-04 -4.32039898e-04  6.73822258e-03  2.80882777e-02\n",
      "    5.71215491e-03 -8.89842747e-04  2.09243278e-03  9.64275842e-03]\n",
      "  [ 1.75753240e-03 -2.97046714e-04 -5.70914151e-03 -5.29317274e-04\n",
      "    1.39428451e-03  1.01257099e-03  1.67835951e-03  5.71215491e-03\n",
      "    2.01513847e-03  9.86596203e-04  6.57569387e-04  1.57274255e-03]\n",
      "  [ 2.48861387e-03  2.56580904e-04 -4.32163159e-03 -6.13014772e-06\n",
      "    3.04668271e-03  2.56975339e-03  4.79179200e-04 -8.89842747e-04\n",
      "    9.86596203e-04  2.20242378e-03  2.95479863e-04 -1.20910936e-03]\n",
      "  [ 8.89648048e-04 -3.41906101e-04 -3.62290957e-03 -4.41734309e-04\n",
      "    6.32860813e-04  9.86998762e-04  8.21941044e-04  2.09243278e-03\n",
      "    6.57569387e-04  2.95479863e-04  8.30599688e-04  3.16262637e-03]\n",
      "  [ 2.62126854e-03 -1.81261258e-03 -1.06933926e-02 -1.89646203e-03\n",
      "   -8.89826934e-04 -1.45895674e-03  1.88897693e-03  9.64275842e-03\n",
      "    1.57274255e-03 -1.20910936e-03  3.16262637e-03  1.85107466e-02]]]\n"
     ]
    },
    {
     "name": "stderr",
     "output_type": "stream",
     "text": [
      "/Users/roybh/.pyenv/versions/chord_recognition/lib/python3.11/site-packages/pandas/core/frame.py:11211: RuntimeWarning: Degrees of freedom <= 0 for slice\n",
      "  base_cov = np.cov(mat.T, ddof=ddof)\n",
      "/Users/roybh/.pyenv/versions/chord_recognition/lib/python3.11/site-packages/numpy/lib/_function_base_impl.py:2848: RuntimeWarning: divide by zero encountered in divide\n",
      "  c *= np.true_divide(1, fact)\n",
      "/Users/roybh/.pyenv/versions/chord_recognition/lib/python3.11/site-packages/numpy/lib/_function_base_impl.py:2848: RuntimeWarning: invalid value encountered in multiply\n",
      "  c *= np.true_divide(1, fact)\n",
      "/Users/roybh/.pyenv/versions/chord_recognition/lib/python3.11/site-packages/pandas/core/frame.py:11211: RuntimeWarning: Degrees of freedom <= 0 for slice\n",
      "  base_cov = np.cov(mat.T, ddof=ddof)\n",
      "/Users/roybh/.pyenv/versions/chord_recognition/lib/python3.11/site-packages/numpy/lib/_function_base_impl.py:2848: RuntimeWarning: divide by zero encountered in divide\n",
      "  c *= np.true_divide(1, fact)\n",
      "/Users/roybh/.pyenv/versions/chord_recognition/lib/python3.11/site-packages/numpy/lib/_function_base_impl.py:2848: RuntimeWarning: invalid value encountered in multiply\n",
      "  c *= np.true_divide(1, fact)\n"
     ]
    },
    {
     "data": {
      "text/html": [
       "<div>\n",
       "<style scoped>\n",
       "    .dataframe tbody tr th:only-of-type {\n",
       "        vertical-align: middle;\n",
       "    }\n",
       "\n",
       "    .dataframe tbody tr th {\n",
       "        vertical-align: top;\n",
       "    }\n",
       "\n",
       "    .dataframe thead th {\n",
       "        text-align: right;\n",
       "    }\n",
       "</style>\n",
       "<table border=\"1\" class=\"dataframe\">\n",
       "  <thead>\n",
       "    <tr style=\"text-align: right;\">\n",
       "      <th>next_chord</th>\n",
       "      <th>&lt;END&gt;</th>\n",
       "      <th>A:min</th>\n",
       "      <th>C</th>\n",
       "      <th>F</th>\n",
       "      <th>G</th>\n",
       "      <th>&lt;START&gt;</th>\n",
       "    </tr>\n",
       "    <tr>\n",
       "      <th>current_chord</th>\n",
       "      <th></th>\n",
       "      <th></th>\n",
       "      <th></th>\n",
       "      <th></th>\n",
       "      <th></th>\n",
       "      <th></th>\n",
       "    </tr>\n",
       "  </thead>\n",
       "  <tbody>\n",
       "    <tr>\n",
       "      <th>&lt;START&gt;</th>\n",
       "      <td>0.00</td>\n",
       "      <td>0.000000</td>\n",
       "      <td>1.000000</td>\n",
       "      <td>0.000000</td>\n",
       "      <td>0.000000</td>\n",
       "      <td>0.0</td>\n",
       "    </tr>\n",
       "    <tr>\n",
       "      <th>A:min</th>\n",
       "      <td>0.00</td>\n",
       "      <td>0.972222</td>\n",
       "      <td>0.000000</td>\n",
       "      <td>0.027778</td>\n",
       "      <td>0.000000</td>\n",
       "      <td>0.0</td>\n",
       "    </tr>\n",
       "    <tr>\n",
       "      <th>C</th>\n",
       "      <td>0.01</td>\n",
       "      <td>0.000000</td>\n",
       "      <td>0.970000</td>\n",
       "      <td>0.000000</td>\n",
       "      <td>0.020000</td>\n",
       "      <td>0.0</td>\n",
       "    </tr>\n",
       "    <tr>\n",
       "      <th>F</th>\n",
       "      <td>0.00</td>\n",
       "      <td>0.000000</td>\n",
       "      <td>0.028169</td>\n",
       "      <td>0.971831</td>\n",
       "      <td>0.000000</td>\n",
       "      <td>0.0</td>\n",
       "    </tr>\n",
       "    <tr>\n",
       "      <th>G</th>\n",
       "      <td>0.00</td>\n",
       "      <td>0.014493</td>\n",
       "      <td>0.000000</td>\n",
       "      <td>0.014493</td>\n",
       "      <td>0.971014</td>\n",
       "      <td>0.0</td>\n",
       "    </tr>\n",
       "    <tr>\n",
       "      <th>&lt;END&gt;</th>\n",
       "      <td>1.00</td>\n",
       "      <td>0.000000</td>\n",
       "      <td>0.000000</td>\n",
       "      <td>0.000000</td>\n",
       "      <td>0.000000</td>\n",
       "      <td>0.0</td>\n",
       "    </tr>\n",
       "  </tbody>\n",
       "</table>\n",
       "</div>"
      ],
      "text/plain": [
       "next_chord     <END>     A:min         C         F         G  <START>\n",
       "current_chord                                                        \n",
       "<START>         0.00  0.000000  1.000000  0.000000  0.000000      0.0\n",
       "A:min           0.00  0.972222  0.000000  0.027778  0.000000      0.0\n",
       "C               0.01  0.000000  0.970000  0.000000  0.020000      0.0\n",
       "F               0.00  0.000000  0.028169  0.971831  0.000000      0.0\n",
       "G               0.00  0.014493  0.000000  0.014493  0.971014      0.0\n",
       "<END>           1.00  0.000000  0.000000  0.000000  0.000000      0.0"
      ]
     },
     "execution_count": 4,
     "metadata": {},
     "output_type": "execute_result"
    }
   ],
   "source": [
    "mu_array, states_cov_matrices = extract_mean_and_covariance(chromagram)\n",
    "states_cov_matrices[0:2] = 0 # turn cov matrices of <START> and <END> to from nan to 0\n",
    "print(states_cov_matrices)\n",
    "transition_matrix = build_transition_probability_matrix(chromagram)\n",
    "transition_matrix"
   ]
  },
  {
   "cell_type": "code",
   "execution_count": 5,
   "metadata": {},
   "outputs": [
    {
     "data": {
      "text/plain": [
       "A     0.22\n",
       "Ab    0.04\n",
       "B     0.02\n",
       "C     0.18\n",
       "C#    0.04\n",
       "dtype: float64"
      ]
     },
     "metadata": {},
     "output_type": "display_data"
    },
    {
     "data": {
      "text/plain": [
       "next_chord\n",
       "<END>      0.746269\n",
       "A:min      0.000000\n",
       "C          0.134328\n",
       "F          0.014925\n",
       "G          0.104478\n",
       "<START>    0.000000\n",
       "dtype: float64"
      ]
     },
     "metadata": {},
     "output_type": "display_data"
    }
   ],
   "source": [
    "initial_state_probs = compute_initial_state_probabilities()\n",
    "display(initial_state_probs[:5])\n",
    "\n",
    "initial_state_probs = filter_and_normalize_initial_probabilities(initial_state_probs, transition_matrix)\n",
    "display(initial_state_probs)"
   ]
  },
  {
   "cell_type": "code",
   "execution_count": 6,
   "metadata": {},
   "outputs": [
    {
     "name": "stdout",
     "output_type": "stream",
     "text": [
      "Input feature shape (p): (278, 12)\n",
      "HMM expected feature shape (n_features): (6, 12)\n",
      "states_cov_matrices shape: (6, 12, 12)\n"
     ]
    }
   ],
   "source": [
    "p = chromagram[COL_NAMES_NOTES]\n",
    "print(\"Input feature shape (p):\", p.shape)\n",
    "print(\"HMM expected feature shape (n_features):\", mu_array.shape)\n",
    "print(\"states_cov_matrices shape:\", states_cov_matrices.shape)"
   ]
  },
  {
   "cell_type": "code",
   "execution_count": 7,
   "metadata": {},
   "outputs": [
    {
     "name": "stdout",
     "output_type": "stream",
     "text": [
      "Input feature shape (p): (278, 12)\n",
      "HMM expected feature shape (n_features): (6, 12)\n",
      "states_cov_matrices shape: (6, 12, 12)\n",
      "HMM output predictions:\n",
      "[4 3 3 3 3 3 3 3 3 3 3 3 3 3 3 3 3 3 3 3 3 3 3 3 3 3 3 3 3 3 3 3 3 3 3 3 3\n",
      " 3 3 3 3 3 3 3 3 3 3 3 3 3]\n"
     ]
    }
   ],
   "source": [
    "h_markov_model = build_gaussian_hmm(initial_state_probs, transition_matrix, mu_array, states_cov_matrices)\n",
    "p = chromagram[COL_NAMES_NOTES]\n",
    "print(\"Input feature shape (p):\", p.shape)\n",
    "print(\"HMM expected feature shape (n_features):\", mu_array.shape)\n",
    "print(\"states_cov_matrices shape:\", states_cov_matrices.shape)\n",
    "\n",
    "#p = chromagram[['<END>', 'A:min', 'C', 'F', 'G', '<START>']]\n",
    "chord_ix_predictions = h_markov_model.predict(p)\n",
    "print('HMM output predictions:')\n",
    "print(chord_ix_predictions[:50])"
   ]
  },
  {
   "cell_type": "code",
   "execution_count": null,
   "metadata": {},
   "outputs": [
    {
     "name": "stdout",
     "output_type": "stream",
     "text": [
      "Translated chords HMM output predictions:\n",
      "['F' 'C' 'C' 'C' 'C' 'C' 'C' 'C' 'C' 'C' 'C' 'C' 'C' 'C' 'C' 'C' 'C' 'C'\n",
      " 'C' 'C' 'C' 'C' 'C' 'C' 'C' 'C' 'C' 'C' 'C' 'C' 'C' 'C' 'C' 'C' 'C' 'C'\n",
      " 'C' 'C' 'C' 'C' 'C' 'C' 'C' 'C' 'C' 'C' 'C' 'C' 'C' 'C']\n"
     ]
    },
    {
     "ename": "NameError",
     "evalue": "name 'pcp' is not defined",
